3417:
3.434522
3.7160719999999996
3.3445449999999997
2.444552
3.015841
3.9417669999999996
3.9027279999999998
3418:
2.8848219999999998
3.3401799999999997
3.459786
4.050264
1.8454709999999999
4.117012
3.530656
2.2181559999999996
3.8273529999999996
3.531538
4.447322
3.147999
4.092059
4.363989
3.777322
3.6973219999999998
3.084419
4.082755
2.7488979999999996
3.3223219999999998
3.217322
3.441508
4.242777
1.6232479999999998
3.519387
3.4665529999999998
3.306018
3.6973219999999998
3.906625
3.0410719999999998
3.1607369999999997
2.924595
3.5627069999999996
3.424067
3.339377
2.9094439999999997
3.954465
3.844381
3.1321049999999997
3.474246
3.574035
3.663989
3.49075
3.0050149999999998
3.2598219999999998
3.847765
3.644691
3.640923
1.620399
3.5112759999999996
3.870792
3.289555
2.4473219999999998
3.9116079999999998
3.554465
2.924595
3.368017
3.643059
3.1258939999999997
3.655656
3.382716
3.620399
3.020399
3.862612
4.0912619999999995
3.062258
3.6460399999999997
2.829976
3.273652
3.5373219999999996
4.067693
1.9473219999999998
2.110546
2.8223219999999998
3.7280919999999997
3.3132639999999998
3.2044889999999997
2.067693
3.27017
3.334685
3.549174
3.7830369999999998
3.064669
2.8473219999999997
3.675817
3.935748
3.26336
2.8161699999999996
3.317205
3.8848219999999998
3.7561459999999998
3.4665529999999998
3.3647869999999998
2.486796
3.54478
3.933434
2.9537329999999997
3.9876449999999997
3.671007
3.2742459999999998
4.386978
4.346957
3.667262
4.088627
3.212693
3.327575
3.4127699999999996
3.580301
3.958192
3.7325079999999997
3.28963
2.772322
3.4341649999999997
4.07611
3.908085
3.330656
3.224595
3.621677
2.863412
1.863989
3.180081
2.7515859999999996
3.754848
3.22197
3.667019
3.2243489999999997
3.377322
2.4973219999999996
2.930199
3.6348219999999998
3.788232
3.3090539999999997
4.0421499999999995
4.154014999999999
3.2224619999999997
2.9116079999999998
3.3401799999999997
3.1326169999999998
3.025191
2.443085
4.263989
3.5410719999999998
3.52167
3.1090869999999997
3.7635159999999996
3.842777
3.640288
3.249954
3.2200499999999996
3.459227
3.307079
4.660285
3.31637
2.3511689999999996
3.067605
2.342484
4.072322
3.560959
3.4643479999999998
3.792561
4.658861
3.454719
3.515504
4.490005
3.0486739999999997
2.521884
3.958192
3.232322
3.2251
3.2389889999999997
3.6973219999999998
3.146553
3.3639889999999997
3.1173219999999997
3.8149699999999998
4.267215
2.7473219999999996
3.673513
3.451355
3.7830369999999998
3.3223219999999998
3.180081
3.3775389999999996
3.2629789999999996
4.082688
3.374014
3.7544649999999997
4.2267339999999995
3.407
4.289915
1.9876449999999999
4.030656
2.1258939999999997
2.2899149999999997
3.040262
4.030656
3.3234909999999998
4.045148999999999
3.740801
3.056972
3.5434759999999996
3.979374
3.6497029999999997
3.4943589999999998
3.3535719999999998
3.9639889999999998
2.4973219999999996
2.8815329999999997
4.285558
3.873793
3.8535719999999998
3.285558
3.173558
3.857322
2.341767
3.9639889999999998
2.977322
4.338832
3.3033829999999997
3.858613
2.5723219999999998
3.226734
3.2042759999999997
3.26336
3.5061459999999998
3.539428
2.9700499999999996
2.5306559999999996
4.161608
3.784624
3.7004379999999997
3.244567
2.8401799999999997
3.740801
3.54616
3.892194
2.9020469999999996
3.440378
3.249406
3.8431559999999996
2.4084339999999997
3.515504
3.1515809999999997
3.063037
3.1973219999999998
3.6362539999999997
3.092059
2.6437139999999997
3.986296
3.4033529999999996
4.500353
2.8337879999999998
3.471516
3.828493
3.606413
3.210597
3.5112759999999996
3.1455979999999997
3.726734
3.6295059999999997
2.554465
3.647322
3.5203789999999997
2.6973219999999998
4.163989
1.9973219999999998
2.6973219999999998
3.5727019999999996
2.9326169999999996
2.9970169999999996
2.362284
3.500168
2.3128399999999996
3.0973219999999997
3.619903
3.851285
3.704195
3.030656
3.483037
2.825814
4.0424549999999995
3.513112
3.5055419999999997
3.550264
3.6651939999999996
4.097322
3.556438
3.9763919999999997
3.2730799999999998
3.4483509999999997
2.4785719999999998
3.612355
3.834227
2.4751
3.338627
3.1321049999999997
3.38963
4.454465
3.153844
4.089549
3.204172
3.518751
3.7842789999999997
2.998094
3.945384
3.399545
3.808434
3.2089499999999997
3.6317489999999997
3.658861
3.606413
3.8018
3.352495
2.6162409999999996
2.84339
3.074159
3.483037
2.5593909999999997
3.226734
4.15582
3.1417669999999998
1.7499539999999998
3.7742459999999998
4.384822
2.9228859999999997
2.7473219999999996
3.5782749999999997
4.620399
2.4604799999999996
3.430656
2.9473219999999998
3.0773219999999997
3.2675699999999996
2.151868
3.930656
3.6842509999999997
3.436982
4.097322
2.5901799999999997
3.359172
3.7719489999999998
2.651868
3.983037
3.1679109999999997
3.9094439999999997
3.182171
4.297321999999999
3.6973219999999998
3.486796
3.6826169999999996
3.119877
3.729068
3.937322
3.5041409999999997
3.124803
3.4364529999999998
3.8116079999999997
3.89858
3.898903
3.1973219999999998
4.697322
3.552224
3.289428
2.949276
2.807492
3.464498
4.134822
2.8535719999999998
2.1973219999999998
3.233358
3.052161
3.428092
3.920852
2.99144
4.604299
3.6764889999999997
3.411203
3.7306559999999998
3.538592
4.563988999999999
4.1183749999999995
3.549174
4.212028
3.3272779999999997
3.280656
3.550264
3.045149
3.272322
2.8212159999999997
3.766288
4.256146
3.218828
2.6973219999999998
4.279141
2.9412249999999998
3.548821
3.110874
3.406625
3.725894
3.610366
3.5821389999999997
3.587733
3.655656
3.262733
3.3189439999999997
3.8740379999999996
3.6417669999999998
2.9473219999999998
2.5617289999999997
3.49817
3.6173219999999997
3.6348219999999998
4.563988999999999
3.46603
3.983037
3.939192
2.543476
3.3639889999999997
3.015504
3.183127
2.483037
3.771397
3.7473219999999996
3.5540249999999998
3.217322
3.082604
4.197322
3.9639889999999998
3.600749
4.259822
3.278235
3.050264
2.643268
2.935753
3.055401
2.707423
3.734359
3.404219
3.268751
3.6973219999999998
3.1635799999999996
3.7544649999999997
4.163989
4.268751
3.242777
2.937175
3.103843
2.8917669999999998
3.6153549999999997
3.530656
4.120399
4.27627
3.151681
3.006494
3.6973219999999998
3.849322
4.197322
3.7652099999999997
3.705387
3.843664
3.3064129999999996
2.9986919999999997
2.5843
2.858298
3.4498349999999998
4.158861
3.9785719999999998
3.0276799999999997
3.518751
4.274246
3.3558589999999997
3.1090869999999997
3.506846
3.8484849999999997
3.771397
3.677536
1.6616079999999998
3.6973219999999998
4.272322
3.3322429999999996
3.310713
3.713539
3.297322
4.347004
3.8159669999999997
3.8825079999999996
3.665237
3.181098
2.777701
3.4973219999999996
3.977322
3.6379469999999996
3.830656
3.897322
3.5098219999999998
2.7862109999999998
3.658861
3.158861
3.6345419999999997
3.130712
2.065743
3.3639889999999997
3.7919169999999998
2.9889889999999997
3.5208519999999996
3.417661
3.655656
3.8018
4.34018
3.9160719999999998
3.415915
3.655656
3.830656
3.905322
3.6650639999999997
3.830656
3.0748729999999997
4.071327999999999
3.4649989999999997
3.71048
4.030656
4.1710069999999995
3.530656
3.0598219999999996
3.40224
2.4751
2.874246
4.116677
4.520852
3.4876449999999997
3.369906
3.1973219999999998
3.1078919999999997
4.129754999999999
3.959281
2.3639889999999997
4.530656
3.2038159999999998
3.356897
3.8825079999999996
2.3848219999999998
3.5777569999999996
3.9473219999999998
4.598637999999999
1.9773219999999998
3.3223219999999998
3.02664
3.503774
3.549496
3.820779
3.502878
3.440912
3.3917669999999998
4.00167
2.285558
3.670807
3.936992
3.454604
3.3623469999999998
1.9218119999999999
3.134359
3.1973219999999998
3.2919169999999998
2.8289009999999997
3.8750999999999998
4.123248
3.408223
3.983037
3.6973219999999998
3.9473219999999998
4.405656
3.70342
3.1348219999999998
3.589728
3.515504
3.752878
1.5491739999999998
4.302586
3.459227
3.6973219999999998
2.063989
3.811714
3.9665529999999998
3.266943
1.9373219999999998
3.2389889999999997
3.304465
3.405576
3.670584
3.218156
3.171007
3.0853819999999996
3.420727
3.242777
3.3917669999999998
3.2524949999999997
3.9973219999999996
3.508841
3.393751
3.449798
4.4173219999999995
4.155656
3.2910719999999998
3.529797
4.268751
3.361839
2.297322
3.5775949999999996
3.3094439999999996
1.6538439999999999
3.4473219999999998
3.1845019999999997
3.824982
3.391016
3.337322
3.2866079999999998
2.9169169999999998
2.384473
3.680586
3.084419
3.5989619999999998
3.430656
3.473902
3.4364529999999998
2.2598219999999998
3.2043649999999997
4.289915
3.7200499999999996
4.078275
4.038232
3.8791409999999997
4.005015
3.6204899999999998
3.610366
1.806018
2.5410719999999998
3.5896299999999997
3.1706559999999997
2.5593909999999997
3.636716
3.5410719999999998
3.8848219999999998
3.6306559999999997
3.508133
4.2032989999999995
3.1573219999999997
3.929465
2.909087
3.047322
3.708817
4.011608
3.8223219999999998
3.955387
3.466154
3.844691
3.22646
4778:
3.782278
3.5399339999999997
3.5905889999999996
3.6069999999999998
3.647322
3.5747419999999996
4.146177
3.301468
4.031124999999999
3.341767
3.865876
3.0931509999999998
3.2657429999999996
3.8223219999999998
3.5180119999999997
3.13516
3.370441
3.222702
3.767693
2.724909
3.2862109999999998
3.1921939999999998
3.915504
3.236265
4.015643
4.071235
3.641072
3.881697
3.3727319999999996
3.5315
3.9695449999999997
3.705015
4.216400999999999
3.567535
3.948314
4.097322
3.9326169999999996
4.581533
4.067619
2.47627
3.474595
3.4852849999999997
3.049607
3.0648099999999996
3.6124389999999997
3.8162409999999998
3.6920819999999996
3.761729
3.2421499999999996
3.3904729999999996
3.786479
3.4329349999999996
3.365677
3.4224059999999996
3.792059
3.5538879999999997
4.410411
3.8260899999999998
2.663989
3.281938
3.718375
3.9052379999999998
3.9637209999999996
2.9433749999999996
3.5292239999999997
3.765539
3.426169
2.9539
3.1920439999999997
3.6313649999999997
3.417322
3.7569719999999998
3.704014
3.4528779999999997
3.263702
3.439775
3.440045
2.325894
3.14242
3.147322
3.961152
3.734165
2.7891519999999996
3.3530189999999997
3.457322
3.503383
3.393976
3.8886269999999996
2.460959
3.897322
3.5398929999999997
3.832105
3.7419439999999997
3.522938
3.430656
3.6306559999999997
3.696151
4.133433999999999
3.2306559999999998
3.6167789999999997
3.8254829999999997
3.5896299999999997
3.4568459999999996
4.485557999999999
3.611608
4.332234
3.187042
3.547322
4.035253
4.0562629999999995
3.1056939999999997
3.4652239999999996
3.644713
3.51726
3.555217
3.3625629999999997
3.524035
3.721498
3.2093399999999996
4.1737269999999995
3.867422
3.742683
3.977322
3.5988149999999997
3.502586
3.9267339999999997
2.7827029999999997
2.942777
3.6684069999999998
3.9302889999999997
3.042484
3.8786889999999996
3.54018
3.5911999999999997
3.374246
3.507579
4.216471
4.225054
3.7918279999999998
4.179442
4.464333
3.472794
3.242003
3.743476
3.9262479999999997
4.043156
2.8806559999999997
3.327044
4.221767
3.674496
3.2461599999999997
3.4855579999999997
3.225681
3.84604
4.163989
3.4039889999999997
4.094291999999999
3.155293
4.179202
3.205015
4779:
3.027675
3.8401799999999997
3.6306559999999997
4.297321999999999
3.7923159999999996
3.249703
2.4913679999999996
2.41152
2.019545
3.944733
2.781193
1.597322
3.710143
3.874246
3.2630969999999997
4.1521609999999995
3.753844
4.193719
2.8552929999999996
3.1930669999999997
3.440635
3.8232049999999997
3.551169
3.6234089999999997
4.797321999999999
3.7334929999999997
3.295661
2.6394279999999997
3.3095179999999997
3.629526
3.4340129999999998
3.384128
4.215927
3.797322
3.3251
2.215415
3.6862109999999997
3.401601
4.361152
3.835908
3.41451
3.565558
3.5331249999999996
3.492238
3.7139889999999998
4.515131
3.479862
3.049121
2.7849
3.608434
3.263989
3.287744
2.667401
3.452562
3.5973219999999997
2.2776309999999995
3.988812
4.341182
3.4250599999999998
3.667693
3.257322
3.9815329999999998
3.328791
3.42611
2.9260349999999997
2.961502
2.8806559999999997
3.5689759999999997
4.113112
3.241767
4.120852
3.382688
2.7786999999999997
2.728357
3.9464449999999998
4.087645
4.103133
2.2824219999999995
3.8528779999999996
4.019545
2.986839
2.466926
3.5784629999999997
3.788394
3.047322
3.644545
2.443476
3.265576
3.5688739999999997
4.083037
3.405166
3.720399
3.3894279999999997
3.3852849999999997
3.534165
4.132185
478:
4.288232
4.094937
3.5360319999999996
3.979901
3.807
3.0950499999999996
4780:
3.8985269999999996
3.6973219999999998
4.4070789999999995
2.891072
3.823638
4.5385279999999995
4.583037
4.359821999999999
4.977322
4.177322
4.034165
4.280656
3.5021419999999996
4.47765
4.169117
4.04556
4781:
3.650264
3.297322
2.297322
4.016071999999999
3.1862109999999997
3.86489
3.7866839999999997
3.889915
3.897322
3.3723219999999996
4.071516
3.883529
3.020399
3.641072
3.889234
3.3318049999999997
3.9723219999999997
3.3178449999999997
3.6544649999999996
2.9121949999999996
3.9869779999999997
4.090426
3.6939469999999996
3.4528779999999997
3.810143
4.297321999999999
2.9639889999999998
3.344941
3.0388949999999997
3.828572
2.986809
2.797322
3.009187
4782:
2.2698709999999997
1.7434759999999998
1.054465
4783:
3.6258939999999997
4.099761
4.2606139999999995
4.5175469999999995
3.8223219999999998
3.9473219999999998
3.529706
3.680081
4.020852
4.13383
4.097322
4.208817
3.143268
3.049174
RMSE: 1.03
0.8125410079956055
