3417:
2012897
1316985
2133696
901436
1170893
1024888
512942
3418:
860558
1789148
515851
34846
1017059
2340846
677586
69047
1399719
596921
215151
191832
258833
1292228
2009234
1398614
1786094
538483
769782
81149
316845
2124193
570535
1787873
821329
1379640
255701
2536698
1031114
727822
514366
169455
2143267
1101560
1165778
1123267
1549315
1947673
1880586
1599287
885790
2337136
2575825
1998310
1500612
645053
1071247
1539326
2205875
1893352
2411477
1682011
2133035
574097
427166
2287049
2625631
1687301
342132
1218055
613945
1165051
490964
517024
1623913
1818137
642524
1819055
128941
2646441
212343
1390974
1299607
294067
620422
2468455
1392518
230347
2275357
1479935
2311724
797856
1908643
2542919
1370214
2064041
298580
187896
992869
2045533
1286514
410607
1525763
429195
123310
892567
368776
932006
2448324
389871
895149
1190097
1005202
1561079
1861472
1521905
1079633
686968
1188642
1440766
593861
1085169
2033537
481002
1051356
2528881
180333
1350780
1575869
474594
1348216
1154858
1366497
947576
1315006
1544195
381927
1279640
5989
1372319
19788
416914
1076457
1108753
2001197
1635124
2482583
1806502
2358751
998140
1521889
1258057
1821205
342795
389029
539108
1869276
396870
2397099
2438021
2639840
1197116
800755
2029934
2494368
78069
1319787
2157125
2536893
2246798
1372373
1404764
2251986
832713
2639855
2101419
1972381
827458
290267
1893729
1370096
262157
2593806
1147445
457294
443510
337245
101477
1314547
2345843
1322918
219210
1844581
789685
498138
1052890
397045
1542264
1046178
279623
480972
164505
1208374
1326019
2601205
2020181
963331
1741680
1594896
1966174
553960
350620
429865
790346
1734218
1895254
554979
2270837
511821
2616405
741893
1583267
1988704
2391996
691706
997773
1199757
256059
366467
2008590
718418
1917004
1683346
958508
89738
1919034
350299
1683831
1871698
1154453
2448450
446835
966263
1119565
2516654
1436046
1649405
243989
2074208
1764631
2446169
208272
1330222
569755
820438
378968
1495210
1827269
1514735
393870
642147
2215276
170468
2620782
2551618
2602720
2353792
1861247
1203135
11540
2570653
476709
655921
424698
855954
1186206
1456231
438733
685176
1627669
1445641
1244699
1959929
2460234
1755300
135625
1604958
58693
1893358
1522730
389157
833968
1042626
1074245
1068611
1265651
20646
2570407
2596223
1706503
1560747
1330253
1804511
2527198
627814
850890
2366176
266544
1279083
569617
1925667
1769780
1054760
1794245
1651933
704909
2117824
587660
2389725
1244763
1610717
715395
302870
648823
597438
132277
2308857
995267
2281696
506778
2466823
1838772
2254988
810400
280909
2402324
1043339
1757865
2310787
2079765
2240970
803090
826569
555845
2194804
1732358
2579284
1204077
1121571
2231529
600662
1886301
675207
387775
122140
148443
2125196
1587998
168831
2081866
2096985
353816
805424
1354540
15149
1696827
1696950
2562262
2483715
1812712
2305233
800828
1925865
181405
1085320
1478282
637777
2292544
863629
582891
944960
1576654
642411
261262
1137374
1247789
1688265
1942639
1964796
2630468
2188506
1343821
549835
271571
1128468
1533576
361597
1255695
1713798
1571545
416979
1507709
32166
1766651
1456692
1767397
2434438
910125
1808619
1781220
1313227
293590
2333755
1058977
161643
1969240
683042
1595089
2041531
265084
930508
156115
2263246
1922687
71760
2253871
752374
1628566
2013670
2443046
1307527
1134990
2006697
568033
2460185
1424834
2414935
1766692
1689050
2567390
2325428
1549430
2297748
1773858
279637
66273
949909
475977
17782
978378
522463
545680
2393459
1206910
1770221
1805252
1288627
495274
1300791
138161
82657
122186
1295902
1752058
2059645
449029
1370595
1642259
1574030
303573
2558412
1222035
1967074
1068114
1014132
1027571
1707683
477636
766944
2284413
889825
1967890
2636814
846404
1001719
699827
580160
512748
360854
1129682
796104
2054255
1336765
32471
906960
2446586
1297621
864904
716029
744884
1337250
1915605
1189533
2246614
2065640
1106636
1824175
956914
2367331
2646143
566939
145949
1170662
2493014
1777144
1513669
603628
94626
1955503
1897886
904943
506451
179299
2370665
435874
2276655
538366
1716546
2455294
2471929
132352
1264736
544709
50287
456456
1737217
1472978
726074
1907587
2370744
385153
1443628
1396578
2456233
1013975
468115
1589964
1877682
706599
1539148
1615131
1444198
2129450
1456302
1064538
1322140
93738
895899
1325948
143066
2371375
558300
1089466
2268922
1750683
1829866
2070706
1212274
2466568
820261
64162
1004508
1165709
1778861
484607
2216800
2122449
1008220
1766741
973978
1892750
1939314
2099194
1813202
639644
1464241
1896190
345506
1503545
23954
501441
2214001
2188266
112216
43227
1004523
1869087
835759
88035
2276163
846369
1638421
518830
2244398
2303960
1624343
1034517
1288000
2530619
326190
2000117
224839
2039593
761431
543579
262463
645516
843611
140823
665091
814183
1910821
1286292
27851
2054879
1532697
481575
2175199
1942207
1632886
1408555
1267311
828433
1814025
571470
906992
1115444
1025448
1189379
2271575
2434858
2169476
1716976
94460
1326491
1632026
1878249
2458732
232104
648378
219375
884058
218330
1538685
2314255
1447410
1444085
2399972
915903
1628061
1426831
1057564
523908
1867526
2038496
2069960
4778:
44317
1165739
158563
1452058
404922
602366
1303007
2036757
1297207
2170848
1458750
784707
1943421
335351
1835499
564665
1580927
372303
242879
1518886
833593
946210
2613106
234817
2403039
20446
305835
678522
1478274
973133
2467280
2174630
2521256
629724
60006
1328969
793934
2560388
1550590
306873
601297
2113077
2442734
1697990
1839661
1169840
1376756
1832526
1975642
133080
715245
1755279
1188643
240669
1864962
1080789
927264
1094358
2365553
1983195
616286
1236736
2227324
235128
2008527
639178
1323602
1637615
1069086
1281883
1184344
1476072
37600
273429
1069413
1809612
1346630
494710
1292890
570624
1633469
2614386
1489356
566472
633885
74546
1881277
454833
2420904
126439
1273835
798972
1231242
726098
840980
18252
1232826
1811262
2463820
2492875
1743555
2365942
852496
129356
2293591
1509644
1612508
1713046
797619
1731549
721406
915558
1054532
2016318
681489
1562084
1426633
2242800
1827533
2229217
2033436
2482394
18949
443466
2453863
2293108
534960
2141118
927221
1801917
884216
2098721
2195304
2023703
562782
1914766
602427
1700751
109061
2229831
42846
943365
35269
1707652
196692
227843
489936
2135415
2427419
792096
511264
1765180
1692639
306978
1137928
412185
2483627
2187771
969179
1088304
4779:
2175886
557340
746664
101047
1559165
1922689
1663295
720578
399998
2369595
2349937
534365
1106885
1590284
1042795
2002571
2120406
1227056
31781
1685804
2381955
1862311
1954993
2612289
1954955
1298264
417940
1565731
602105
1711505
2137525
754312
1984237
505193
1660152
2441439
2574174
1546521
397512
1629608
1053254
1281460
1100417
488075
1202942
1671387
1029860
294944
1397267
2312083
1604834
1750143
1488451
1121577
204358
1416785
719055
1048871
964241
29446
2367772
64002
2532960
601403
2074793
1187427
1495567
1362987
1193759
1422977
2421733
2251095
916991
2434544
1385027
562234
1798600
1391556
46554
1099888
2341353
1455283
1812834
227644
1453402
668311
1871886
2305929
2203809
2297302
52434
93744
1945495
1160192
2136076
821881
478:
263867
1817470
2637774
543560
780401
1261906
4780:
757996
251817
2063787
904667
1871611
729015
666915
1176418
1195221
2076276
1304181
1910879
169127
2080168
2271465
7134
4781:
1367183
2437944
1739447
1714423
2291798
519641
1856597
2096385
1397208
1738872
1319314
2106162
2224306
2468982
239723
2319111
1967570
49833
932136
406024
1979597
2577045
1952639
181359
119649
2042681
2494275
1680357
2006190
169427
1270855
1132285
55344
4782:
748025
2520449
170994
4783:
2054496
685697
2092358
1732176
2004442
25558
2470194
2322952
450628
345097
1329690
1834152
178709
1897180

